$ANSIBLE_VAULT;1.1;AES256
36393831323936623935393766323266356463633664326461613765313839633832346532336162
6331643166636131646234393861303339356564323032610a666338643939336435643833316134
35386431393235393664353938353234366663386333373564343232336164396538666532386265
6339653434646235310a346662373163303632323832303663653236343031626431353239326563
36636436643963343539383332313030653837623235656262636534336337613361326330313661
32653065653338643861653734613539333638613063396261343966323235323037653332626538
36386336316664346465366236336661303033656331373733316334316334643530313962376461
37386661343837626534373036373366303236333530313437646562353838333131323138626636
31356464623164343961393861386138313430323338613864356236666230356463633163373964
36366431646138643538363638643138363933343731646165313861383332393831656163616135
35313838363937633037326461383733626236343938303138623333643039653866663365313433
30336534393765646265383937346130326261326265623365336131666438313466636336623339
61393064323861336436656233616363646131346438653934633365373661353566373230666266
64336561383434636638636366353133303338333363313832316462323334376464643662396464
35323239333532303038396238623139663636363566336531373736643466623938613432613162
62663232326331306564306136333234316638386337313137376238383130623637643637393130
34343837616365633838356335633464303461333366386362616462313930356466353635343930
62326437613530366564646164623561303938633464316534643037366130376335393831313761
31613433393233323538353230653531623930373630316462643064333234343664346530363865
61383466316435353837666431366661616539346265346262346465653734613664373964303739
65376539333238383762356337643630396134386631353132626430643338663265643734363161
31663336663666613063333032316563613931663166346639363232333635666561643463333237
30373634663630656130383035633762356161646230323735363230356566326465623162383330
64356335326439343030393533396239386636386264303433313662313232313336663032613531
39313266313164383738626537653733663164623163303561383937323534383165643166623230
31633363376437646462636662313462663735383131633631666633633631656637323830613730
38353237353530393738633434306436346430623033636437333964343264633261333731656366
38326632633266313462616431393762396131326238653131376135623431333736316130643664
32346630393736386461623933373663323062636531613336373439373462626163323739306162
38383636633561666535336331613633356166303764623436333038303766663362353731646665
30646564653761313463653831613466633737626231633937666335386639316333333936666236
61643963383435313138316438666334386134313536316339306330336234663064373666636638
36316134343932323330656431393164666265613037366538663436326537386262383433626337
34306334303366393438356338376666616638303261343931643136333032663265383935343863
61346532653833376638663235343837623437386434356530326332663339366236353230653034
34336131353166346365613266353331613061336233633137636164653764323433653266663435
65383564613962396366636437393931306136383736383764316539626239363339643666313139
30626264643032313238356332303438333631656364636139623863366433623731366439646230
31623938356531393065626164646466323062323036343635666161663430303962303635346630
65326361663664313561323532613531396536366630633833616663633732633963323433396262
62383432656536653337356135323933353632386636616462343234373365323538
